{"breathing":{"duration":10.0,"bars":[[0.792,0.886,0.08,0.033],[0.838,0.792,0.151,0.057],[0.839,0.885,0.076,0.04],[0.873,0.692,0.179,0.129],[0.834,0.933,0.05,0.017],[0.9,0.899,0.077,0.024],[0.949,0.805,0.122,0.073],[1.0,0.902,0.072,0.026],[0.901,0.882,0.08,0.038],[0.753,0.931,0.052,0.016]]},"snoring":{"duration":8.0,"bars":[[0.194,0.878,0.099,0.023],[0.307,0.754,0.133,0.113],[0.805,0.686,0.249,0.065],[1.0,0.911,0.088,0.001],[0.281,0.81,0.147,0.043],[0.256,0.857,0.12,0.023],[0.27,0.799,0.163,0.038],[0.583,0.554,0.307,0.139]]}}